a = [13.72; 1.43; 2.5; 16.7; 108; 3.4; 3.67; 0.19; 2.04; 6.8; 0.89; 2.87; 1285];
b = [12.04; 4.3; 2.38; 22; 80; 2.1; 1.75; 0.42; 1.35; 2.6; 0.79; 2.57; 580];
c=  [14.13; 4.1; 2.74; 24.5; 96; 2.05; 0.76; 0.56; 1.35; 9.2; 0.61; 1.6; 560];